42.666666666666664
72.33333333333333
72.33333333333333
64.66666666666667
67.0
61.333333333333336
65.0
59.666666666666664
66.33333333333333
79.33333333333333
80.0
59.666666666666664
38.666666666666664
46.666666666666664
51.666666666666664
35.333333333333336
28.666666666666668
55.333333333333336
76.33333333333333
58.0
50.666666666666664
71.33333333333333
93.66666666666667
64.0
60.333333333333336
32.666666666666664
64.66666666666667
70.0
70.33333333333333
77.0
63.666666666666664
62.333333333333336
98.66666666666667
55.333333333333336
69.33333333333333
56.0
73.0
53.666666666666664
75.66666666666667
84.33333333333333
64.66666666666667
43.0
48.666666666666664
68.0
47.0
67.66666666666667
53.666666666666664
59.0
55.333333333333336
46.333333333333336
78.66666666666667
54.333333333333336
65.0
71.0
53.666666666666664
30.0
53.333333333333336
63.0
62.0
57.666666666666664
68.33333333333333
44.666666666666664
61.666666666666664
49.666666666666664
63.333333333333336
62.333333333333336
93.66666666666667
46.333333333333336
83.33333333333333
65.66666666666667
75.66666666666667
37.0
62.666666666666664
72.33333333333333
67.66666666666667
84.66666666666667
62.0
72.33333333333333
63.666666666666664
80.33333333333333
57.0
51.333333333333336
81.66666666666667
72.0
51.333333333333336
66.0
76.66666666666667
67.66666666666667
76.33333333333333
53.333333333333336
69.33333333333333
52.333333333333336
45.666666666666664
74.66666666666667
53.666666666666664
68.33333333333333
54.666666666666664
69.0
64.0
62.07070707070707 63.292929292929294 62.27272727272727 